	Caso 1				Caso 2				Caso 3				Caso 4
	0.990911 0.009089 # 0.990911 0.009089 # 1.000000 0.000000 # 1.000000 0.000000 
1	0.628239 0.371761 # 0.628239 0.371761 # 0.642084 0.357916 # 0.642084 0.357916 
	0.061126 0.938874 # 0.061126 0.938874 # 0.000000 1.000000 # 0.000000 1.000000 
	%%%%%%%%%%%%%%%%%%%%%%%%%%%%%%%%%%%%%%%%%%%%%%%%%%%%%%%%%%%%%%%%%%%%%%%%%%%%%
	0.973790 0.026210 # 0.973790 0.026210 # 1.000000 0.000000 # 1.000000 0.000000 
2	0.717441 0.282559 # 0.717441 0.282559 # 0.636816 0.363184 # 0.636816 0.363184 
	0.218268 0.781732 # 0.218269 0.781731 # 0.000000 1.000000 # 0.000000 1.000000 
	%%%%%%%%%%%%%%%%%%%%%%%%%%%%%%%%%%%%%%%%%%%%%%%%%%%%%%%%%%%%%%%%%%%%%%%%%%%%%
	0.988660 0.011340 # 0.988846 0.011154 # 1.000000 0.000000 # 1.000000 0.000000 
3	0.657350 0.342650 # 0.656305 0.343695 # 0.579857 0.420143 # 0.579857 0.420143 
	0.110296 0.889704 # 0.108690 0.891310 # 0.000000 1.000000 # 0.000000 1.000000 
	%%%%%%%%%%%%%%%%%%%%%%%%%%%%%%%%%%%%%%%%%%%%%%%%%%%%%%%%%%%%%%%%%%%%%%%%%%%%%
	0.992461 0.007539 # 0.992461 0.007539 # 1.000000 0.000000 # 1.000000 0.000000 
4	0.679821 0.320179 # 0.679822 0.320178 # 0.550594 0.449406 # 0.550594 0.449406 
	0.175179 0.824821 # 0.175179 0.824821 # 0.000000 1.000000 # 0.000000 1.000000 
	%%%%%%%%%%%%%%%%%%%%%%%%%%%%%%%%%%%%%%%%%%%%%%%%%%%%%%%%%%%%%%%%%%%%%%%%%%%%%
	0.974580 0.025420 # 0.976548 0.023452 # 1.000000 0.000000 # 1.000000 0.000000 
5	0.447547 0.552453 # 0.448245 0.551755 # 0.417564 0.582436 # 0.417564 0.582436 
	0.051359 0.948641 # 0.048922 0.951078 # 0.000000 1.000000 # 0.000000 1.000000 
	%%%%%%%%%%%%%%%%%%%%%%%%%%%%%%%%%%%%%%%%%%%%%%%%%%%%%%%%%%%%%%%%%%%%%%%%%%%%%
	0.954706 0.045294 # 0.954170 0.045830 # 1.000000 0.000000 # 1.000000 0.000000 
6	0.565102 0.434898 # 0.562041 0.437959 # 0.467294 0.532706 # 0.467294 0.532706 
	0.165550 0.834450 # 0.164162 0.835838 # 0.000000 1.000000 # 0.000000 1.000000 
	%%%%%%%%%%%%%%%%%%%%%%%%%%%%%%%%%%%%%%%%%%%%%%%%%%%%%%%%%%%%%%%%%%%%%%%%%%%%%
	0.921924 0.078076 # 0.922140 0.077860 # 1.000000 0.000000 # 1.000000 0.000000 
7	0.368743 0.631257 # 0.368706 0.631294 # 0.363165 0.636835 # 0.363166 0.636834 
	0.062447 0.937553 # 0.062396 0.937604 # 0.000000 1.000000 # 0.000000 1.000000 
	%%%%%%%%%%%%%%%%%%%%%%%%%%%%%%%%%%%%%%%%%%%%%%%%%%%%%%%%%%%%%%%%%%%%%%%%%%%%%
	0.922048 0.077952 # 0.922117 0.077883 # 1.000000 0.000000 # 1.000000 0.000000 
8	0.403322 0.596678 # 0.403127 0.596873 # 0.415443 0.584557 # 0.415443 0.584557 
	0.027489 0.972511 # 0.027459 0.972541 # 0.000000 1.000000 # 0.000000 1.000000 
	%%%%%%%%%%%%%%%%%%%%%%%%%%%%%%%%%%%%%%%%%%%%%%%%%%%%%%%%%%%%%%%%%%%%%%%%%%%%%
	0.972535 0.027465 # 0.972535 0.027465 # 1.000000 0.000000 # 1.000000 0.000000 
9	0.502620 0.497380 # 0.502620 0.497380 # 0.304348 0.695652 # 0.304348 0.695652 
	0.035681 0.964319 # 0.035681 0.964319 # 0.000000 1.000000 # 0.000000 1.000000 
	%%%%%%%%%%%%%%%%%%%%%%%%%%%%%%%%%%%%%%%%%%%%%%%%%%%%%%%%%%%%%%%%%%%%%%%%%%%%%
	0.948522 0.051478 # 0.948653 0.051347 # 1.000000 0.000000 # 1.000000 0.000000 
10	0.421207 0.578793 # 0.421104 0.578896 # 0.364514 0.635486 # 0.364514 0.635486 
	0.042250 0.957750 # 0.042224 0.957776 # 0.000000 1.000000 # 0.000000 1.000000 
	%%%%%%%%%%%%%%%%%%%%%%%%%%%%%%%%%%%%%%%%%%%%%%%%%%%%%%%%%%%%%%%%%%%%%%%%%%%%%
	0.985144 0.014856 # 0.985144 0.014856 # 1.000000 0.000000 # 1.000000 0.000000 
11	0.378924 0.621076 # 0.378923 0.621077 # 0.349469 0.650531 # 0.349469 0.650531 
	0.021840 0.978160 # 0.021840 0.978160 # 0.000000 1.000000 # 0.000000 1.000000 
	%%%%%%%%%%%%%%%%%%%%%%%%%%%%%%%%%%%%%%%%%%%%%%%%%%%%%%%%%%%%%%%%%%%%%%%%%%%%%
	0.861650 0.138350 # 0.861707 0.138293 # 1.000000 0.000000 # 1.000000 0.000000 
12	0.288541 0.711459 # 0.287841 0.712159 # 0.292262 0.707738 # 0.292262 0.707738 
	0.015807 0.984193 # 0.015772 0.984228 # 0.000000 1.000000 # 0.000000 1.000000 
	%%%%%%%%%%%%%%%%%%%%%%%%%%%%%%%%%%%%%%%%%%%%%%%%%%%%%%%%%%%%%%%%%%%%%%%%%%%%%
	0.986293 0.013707 # 0.986293 0.013707 # 1.000000 0.000000 # 1.000000 0.000000 
13	0.363488 0.636512 # 0.363488 0.636512 # 0.201756 0.798244 # 0.201756 0.798244 
	0.011466 0.988534 # 0.011466 0.988534 # 0.000000 1.000000 # 0.000000 1.000000 
	%%%%%%%%%%%%%%%%%%%%%%%%%%%%%%%%%%%%%%%%%%%%%%%%%%%%%%%%%%%%%%%%%%%%%%%%%%%%%
	0.703156 0.296844 # 0.702773 0.297227 # 1.000000 0.000000 # 1.000000 0.000000 
14	0.002900 0.997100 # 0.002605 0.997395 # 0.322135 0.677865 # 0.322136 0.677864 
	0.000000 1.000000 # 0.000004 0.999996 # 0.000000 1.000000 # 0.000000 1.000000 
	%%%%%%%%%%%%%%%%%%%%%%%%%%%%%%%%%%%%%%%%%%%%%%%%%%%%%%%%%%%%%%%%%%%%%%%%%%%%%
	0.181287 0.818713 # 0.180868 0.819132 # 1.000000 0.000000 # 1.000000 0.000000 
15	0.008422 0.991578 # 0.006511 0.993489 # 0.067790 0.932210 # 0.067790 0.932210 
	0.001430 0.998570 # 0.001917 0.998083 # 0.000000 1.000000 # 0.000000 1.000000 
	%%%%%%%%%%%%%%%%%%%%%%%%%%%%%%%%%%%%%%%%%%%%%%%%%%%%%%%%%%%%%%%%%%%%%%%%%%%%%