	Caso 1						 Caso 2						  Caso 3					   Caso 4
	0.996310 0.003690 0.000000 # 0.996310 0.003690 0.000000 # 0.989342 0.010658 0.000000 # 0.989342 0.010658 0.000000 
1	0.014602 0.976775 0.008623 # 0.014602 0.976775 0.008623 # 0.031859 0.941837 0.026303 # 0.031859 0.941837 0.026304 
	0.000000 0.012377 0.987623 # 0.000000 0.012377 0.987623 # 0.000000 0.055371 0.944629 # 0.000000 0.055371 0.944629 
	%%%%%%%%%%%%%%%%%%%%%%%%%%%%%%%%%%%%%%%%%%%%%%%%%%%%%%%%%%%%%%%%%%%%%%%%%%%%%%%%%%%%%%%%%%%%%%%%%%%%%%%%%%%%%%%%%
	0.994945 0.005055 0.000000 # 0.994945 0.005055 0.000000 # 0.965212 0.034788 0.000000 # 0.965212 0.034788 0.000000 
2	0.005880 0.989451 0.004668 # 0.005880 0.989451 0.004668 # 0.029234 0.936945 0.033820 # 0.029234 0.936946 0.033820 
	0.000000 0.006901 0.993099 # 0.000000 0.006901 0.993099 # 0.000000 0.137831 0.862169 # 0.000000 0.137831 0.862169 
	%%%%%%%%%%%%%%%%%%%%%%%%%%%%%%%%%%%%%%%%%%%%%%%%%%%%%%%%%%%%%%%%%%%%%%%%%%%%%%%%%%%%%%%%%%%%%%%%%%%%%%%%%%%%%%%%%
	0.989083 0.010552 0.000365 # 0.988834 0.011166 0.000000 # 0.974639 0.025361 0.000000 # 0.974639 0.025361 0.000000 
3	0.017212 0.971639 0.011149 # 0.018226 0.969790 0.011984 # 0.033856 0.925457 0.040686 # 0.033856 0.925457 0.040686 
	0.000851 0.012259 0.986890 # 0.000000 0.013544 0.986456 # 0.000000 0.081142 0.918858 # 0.000000 0.081142 0.918858 
	%%%%%%%%%%%%%%%%%%%%%%%%%%%%%%%%%%%%%%%%%%%%%%%%%%%%%%%%%%%%%%%%%%%%%%%%%%%%%%%%%%%%%%%%%%%%%%%%%%%%%%%%%%%%%%%%%
	0.997768 0.002232 0.000000 # 0.997768 0.002232 0.000000 # 0.967921 0.032079 0.000000 # 0.967921 0.032079 0.000000 
4	0.000852 0.994363 0.004785 # 0.000852 0.994363 0.004785 # 0.013193 0.934539 0.052269 # 0.013192 0.934539 0.052269 
	0.000000 0.004660 0.995340 # 0.000000 0.004660 0.995340 # 0.000000 0.128428 0.871572 # 0.000000 0.128428 0.871572 
	%%%%%%%%%%%%%%%%%%%%%%%%%%%%%%%%%%%%%%%%%%%%%%%%%%%%%%%%%%%%%%%%%%%%%%%%%%%%%%%%%%%%%%%%%%%%%%%%%%%%%%%%%%%%%%%%%
	0.986960 0.011111 0.001929 # 0.985815 0.014185 0.000000 # 0.967996 0.032004 0.000000 # 0.967996 0.032004 0.000000 
5	0.021356 0.956045 0.022599 # 0.026747 0.944854 0.028399 # 0.039632 0.908572 0.051797 # 0.039632 0.908572 0.051796 
	0.002461 0.012202 0.985337 # 0.000000 0.016571 0.983429 # 0.000000 0.053471 0.946529 # 0.000000 0.053471 0.946529 
	%%%%%%%%%%%%%%%%%%%%%%%%%%%%%%%%%%%%%%%%%%%%%%%%%%%%%%%%%%%%%%%%%%%%%%%%%%%%%%%%%%%%%%%%%%%%%%%%%%%%%%%%%%%%%%%%%
	0.986421 0.012770 0.000809 # 0.986187 0.013813 0.000000 # 0.949172 0.050828 0.000000 # 0.949172 0.050828 0.000000 
6	0.008484 0.977286 0.014230 # 0.008621 0.976536 0.014843 # 0.017156 0.930517 0.052327 # 0.017156 0.930517 0.052327 
	0.000000 0.010544 0.989456 # 0.000000 0.010766 0.989234 # 0.000000 0.131579 0.868421 # 0.000000 0.131578 0.868422 
	%%%%%%%%%%%%%%%%%%%%%%%%%%%%%%%%%%%%%%%%%%%%%%%%%%%%%%%%%%%%%%%%%%%%%%%%%%%%%%%%%%%%%%%%%%%%%%%%%%%%%%%%%%%%%%%%%
	0.979900 0.019785 0.000315 # 0.979789 0.020211 0.000000 # 0.932439 0.067561 0.000000 # 0.932439 0.067561 0.000000 
7	0.009122 0.982647 0.008231 # 0.009163 0.982421 0.008416 # 0.019030 0.938524 0.042446 # 0.019030 0.938523 0.042446 
	0.000000 0.007079 0.992921 # 0.000000 0.007120 0.992880 # 0.000000 0.063233 0.936767 # 0.000000 0.063233 0.936767 
	%%%%%%%%%%%%%%%%%%%%%%%%%%%%%%%%%%%%%%%%%%%%%%%%%%%%%%%%%%%%%%%%%%%%%%%%%%%%%%%%%%%%%%%%%%%%%%%%%%%%%%%%%%%%%%%%%
	0.987452 0.012548 0.000000 # 0.987364 0.012636 0.000000 # 0.940206 0.059794 0.000000 # 0.940206 0.059794 0.000000 
8	0.008914 0.983970 0.007116 # 0.009119 0.983738 0.007142 # 0.025264 0.936326 0.038410 # 0.025264 0.936326 0.038410 
	0.000069 0.003241 0.996690 # 0.000000 0.003325 0.996675 # 0.000000 0.027894 0.972106 # 0.000000 0.027894 0.972106 
	%%%%%%%%%%%%%%%%%%%%%%%%%%%%%%%%%%%%%%%%%%%%%%%%%%%%%%%%%%%%%%%%%%%%%%%%%%%%%%%%%%%%%%%%%%%%%%%%%%%%%%%%%%%%%%%%%
	0.987897 0.012103 0.000000 # 0.987897 0.012103 0.000000 # 0.955146 0.044854 0.000000 # 0.955146 0.044854 0.000000 
9	0.018910 0.951249 0.029841 # 0.018910 0.951249 0.029841 # 0.036119 0.914600 0.049281 # 0.036119 0.914600 0.049281 
	0.000000 0.005931 0.994069 # 0.000000 0.005931 0.994069 # 0.000000 0.025299 0.974701 # 0.000000 0.025299 0.974701 
	%%%%%%%%%%%%%%%%%%%%%%%%%%%%%%%%%%%%%%%%%%%%%%%%%%%%%%%%%%%%%%%%%%%%%%%%%%%%%%%%%%%%%%%%%%%%%%%%%%%%%%%%%%%%%%%%%
	0.982743 0.017257 0.000000 # 0.982564 0.017436 0.000000 # 0.939128 0.060872 0.000000 # 0.939128 0.060872 0.000000 
10	0.006646 0.985366 0.007988 # 0.006838 0.985129 0.008033 # 0.016663 0.942919 0.040418 # 0.016663 0.942919 0.040418 
	0.000062 0.004002 0.995936 # 0.000000 0.004088 0.995912 # 0.000000 0.036082 0.963918 # 0.000000 0.036082 0.963918 
	%%%%%%%%%%%%%%%%%%%%%%%%%%%%%%%%%%%%%%%%%%%%%%%%%%%%%%%%%%%%%%%%%%%%%%%%%%%%%%%%%%%%%%%%%%%%%%%%%%%%%%%%%%%%%%%%%
	0.980337 0.019663 0.000000 # 0.980337 0.019663 0.000000 # 0.969623 0.030377 0.000000 # 0.969623 0.030377 0.000000 
11	0.008927 0.979374 0.011699 # 0.008927 0.979374 0.011699 # 0.010890 0.958489 0.030621 # 0.010890 0.958489 0.030621 
	0.000000 0.005991 0.994009 # 0.000000 0.005991 0.994009 # 0.000000 0.022207 0.977793 # 0.000000 0.022207 0.977793 
	%%%%%%%%%%%%%%%%%%%%%%%%%%%%%%%%%%%%%%%%%%%%%%%%%%%%%%%%%%%%%%%%%%%%%%%%%%%%%%%%%%%%%%%%%%%%%%%%%%%%%%%%%%%%%%%%%
	0.986907 0.012570 0.000523 # 0.986757 0.013243 0.000000 # 0.895254 0.104746 0.000000 # 0.895254 0.104746 0.000000 
12	0.007934 0.979285 0.012781 # 0.008025 0.978790 0.013185 # 0.031235 0.926214 0.042551 # 0.031235 0.926214 0.042551 
	0.000000 0.003230 0.996770 # 0.000000 0.003255 0.996745 # 0.000000 0.018005 0.981995 # 0.000000 0.018005 0.981995 
	%%%%%%%%%%%%%%%%%%%%%%%%%%%%%%%%%%%%%%%%%%%%%%%%%%%%%%%%%%%%%%%%%%%%%%%%%%%%%%%%%%%%%%%%%%%%%%%%%%%%%%%%%%%%%%%%%
	0.949604 0.050396 0.000000 # 0.949604 0.050396 0.000000 # 0.933257 0.066743 0.000000 # 0.933257 0.066743 0.000000 
13	0.052688 0.898749 0.048563 # 0.052688 0.898749 0.048563 # 0.026331 0.841862 0.131807 # 0.026331 0.841862 0.131807 
	0.000000 0.002072 0.997928 # 0.000000 0.002072 0.997928 # 0.000000 0.017806 0.982194 # 0.000000 0.017806 0.982194 
	%%%%%%%%%%%%%%%%%%%%%%%%%%%%%%%%%%%%%%%%%%%%%%%%%%%%%%%%%%%%%%%%%%%%%%%%%%%%%%%%%%%%%%%%%%%%%%%%%%%%%%%%%%%%%%%%%
	0.947536 0.051615 0.000850 # 0.947601 0.052399 0.000000 # 0.820026 0.179974 0.000000 # 0.820026 0.179974 0.000000 
14	0.003402 0.501052 0.495547 # 0.003185 0.473131 0.523684 # 0.076076 0.845763 0.078161 # 0.076076 0.845763 0.078161 
	0.000041 0.173865 0.826094 # 0.000000 0.210623 0.789377 # 0.000000 0.001361 0.998639 # 0.000000 0.001361 0.998639 
	%%%%%%%%%%%%%%%%%%%%%%%%%%%%%%%%%%%%%%%%%%%%%%%%%%%%%%%%%%%%%%%%%%%%%%%%%%%%%%%%%%%%%%%%%%%%%%%%%%%%%%%%%%%%%%%%%
	0.986413 0.004542 0.009044 # 0.986416 0.013584 0.000000 # 0.523453 0.476547 0.000000 # 0.523454 0.476546 0.000000 
15	0.002155 0.481460 0.516385 # 0.002403 0.461981 0.535616 # 0.018706 0.955683 0.025612 # 0.018706 0.955683 0.025612 
	0.000173 0.181349 0.818478 # 0.000000 0.215417 0.784583 # 0.000000 0.003425 0.996575 # 0.000000 0.003425 0.996575 
	%%%%%%%%%%%%%%%%%%%%%%%%%%%%%%%%%%%%%%%%%%%%%%%%%%%%%%%%%%%%%%%%%%%%%%%%%%%%%%%%%%%%%%%%%%%%%%%%%%%%%%%%%%%%%%%%%