1.000000 0.000000
0.778672 0.221328
0.990820 0.009180
0.801295 0.198705
0.339537 0.660463
0.076543 0.923457
0.000012 0.999988
0.006242 0.993758
%%%%%%%%%%%%%%%%%%%%%%%%%%%%%%%%%%%%%%%%%%%%%%%%%%%%%%%%%%%%%%%%%%%%%%%%%%%%%%%%%%%%%%%%%%%%%%%%%
0.997390 0.002610
0.928653 0.071347
0.658585 0.341415
0.444537 0.555463
0.202381 0.797619
0.152999 0.847001
0.130557 0.869443
0.006989 0.993011
%%%%%%%%%%%%%%%%%%%%%%%%%%%%%%%%%%%%%%%%%%%%%%%%%%%%%%%%%%%%%%%%%%%%%%%%%%%%%%%%%%%%%%%%%%%%%%%%%
1.000000 0.000000
0.529995 0.470005
0.916067 0.083933
0.577996 0.422004
0.469006 0.530994
0.103897 0.896103
0.016017 0.983983
0.000042 0.999958
%%%%%%%%%%%%%%%%%%%%%%%%%%%%%%%%%%%%%%%%%%%%%%%%%%%%%%%%%%%%%%%%%%%%%%%%%%%%%%%%%%%%%%%%%%%%%%%%%
0.987982 0.012018
0.797022 0.202978
0.430918 0.569082
0.167089 0.832911
0.035343 0.964657
0.002521 0.997479
0.001187 0.998813
0.001983 0.998017
%%%%%%%%%%%%%%%%%%%%%%%%%%%%%%%%%%%%%%%%%%%%%%%%%%%%%%%%%%%%%%%%%%%%%%%%%%%%%%%%%%%%%%%%%%%%%%%%%
