1.000000 0.000000
0.907866 0.092134
0.949584 0.050416
0.991529 0.008471
0.952190 0.047810
0.757302 0.242698
0.865381 0.134619
0.511230 0.488770
0.000000 1.000000
0.123017 0.876983
0.028815 0.971185
0.000000 1.000000
0.001688 0.998312
0.057188 0.942812
0.001049 0.998951
0.001638 0.998362
%%%%%%%%%%%%%%%%%%%%%%%%%%%%%%%%%%%%%%%%%%%%%%%%%%%%%%%%%%%%%%%%%%%%%%%%%%%%%%%%%%%%%%%%%%%%%%%%%
1.000000 0.000000
0.000403 0.999597
1.000000 0.000000
1.000000 0.000000
0.998944 0.001056
0.642183 0.357817
0.608924 0.391076
0.365539 0.634461
0.297332 0.702668
0.202242 0.797758
0.182143 0.817857
0.153194 0.846806
0.123824 0.876176
0.172356 0.827644
0.069549 0.930451
0.000783 0.999217
%%%%%%%%%%%%%%%%%%%%%%%%%%%%%%%%%%%%%%%%%%%%%%%%%%%%%%%%%%%%%%%%%%%%%%%%%%%%%%%%%%%%%%%%%%%%%%%%%
1.000000 0.000000
0.905258 0.094742
0.726755 0.273245
1.000000 0.000000
0.995205 0.004795
0.361380 0.638620
0.997753 0.002247
0.445821 0.554179
0.000000 1.000000
0.999940 0.000060
0.000000 1.000000
0.169432 0.830568
0.000483 0.999517
0.000000 1.000000
0.000004 0.999996
0.009604 0.990396
%%%%%%%%%%%%%%%%%%%%%%%%%%%%%%%%%%%%%%%%%%%%%%%%%%%%%%%%%%%%%%%%%%%%%%%%%%%%%%%%%%%%%%%%%%%%%%%%%
1.000000 0.000000
0.340218 0.659782
0.648892 0.351108
0.878008 0.121992
0.231267 0.768733
0.000362 0.999638
0.581619 0.418381
0.000001 0.999999
0.481435 0.518565
0.054215 0.945785
0.000000 1.000000
0.016029 0.983971
0.011953 0.988047
0.000000 1.000000
0.000880 0.999120
0.002111 0.997889
%%%%%%%%%%%%%%%%%%%%%%%%%%%%%%%%%%%%%%%%%%%%%%%%%%%%%%%%%%%%%%%%%%%%%%%%%%%%%%%%%%%%%%%%%%%%%%%%%
