	Caso 1				Caso 2A				Caso 2B				Caso 3				Caso 4 - 2A			Caso 4 - 2B
1	0.995890 0.003984 0.000126 0.000000 # 0.995890 0.003984 0.000126 0.000000 # 0.995853 0.004147 0.000000 0.000000 # 0.993854 0.006146 0.000000 0.000000 # 0.993854 0.006146 0.000000 0.000000 # 0.993854 0.006146 0.000000 0.000000 
	0.013525 0.972895 0.013581 0.000000 # 0.013525 0.972895 0.013581 0.000000 # 0.013633 0.972446 0.013921 0.000000 # 0.017786 0.970203 0.012011 0.000000 # 0.017786 0.970203 0.012011 0.000000 # 0.017786 0.970203 0.012012 0.000000 
	0.000000 0.021509 0.969506 0.008985 # 0.000000 0.021509 0.969506 0.008985 # 0.000000 0.021477 0.969530 0.008992 # 0.000000 0.018842 0.969656 0.011502 # 0.000000 0.018842 0.969656 0.011502 # 0.000000 0.018842 0.969656 0.011502 
	0.000000 0.000000 0.010866 0.989134 # 0.000000 0.000000 0.010866 0.989134 # 0.000000 0.000000 0.010854 0.989146 # 0.000000 0.000000 0.019144 0.980856 # 0.000000 0.000000 0.019144 0.980856 # 0.000000 0.000000 0.019144 0.980856 
	%%%%%%%%%%%%%%%%%%%%%%%%%%%%%%%%%%%%%%%%%%%%%%%%%%%%%%%%%%%%%%%%%%%%%%%%%%%%%%%%%%%%%%%%%%%%%%%%%%%%%%%%%%%%%%%%%%%%%%%%%%%%%%%%%%%%%%%%%%%%%%%%%%%%%%%%%%%%%%%%%%%%%%%%%%%%%%%%%%%%%%%%%%%%%%%%%%%%%%%%%%%%%%%%%%%%%%%%%%%%%%%%%
2	0.995926 0.003873 0.000202 0.000000 # 0.995926 0.003873 0.000202 0.000000 # 0.995931 0.004069 0.000000 0.000000 # 0.983235 0.016765 0.000000 0.000000 # 0.983235 0.016765 0.000000 0.000000 # 0.983235 0.016765 0.000000 0.000000 
	0.004163 0.989694 0.005843 0.000299 # 0.004163 0.989694 0.005843 0.000299 # 0.004078 0.989180 0.006578 0.000164 # 0.012130 0.984373 0.003497 0.000000 # 0.012130 0.984373 0.003497 0.000000 # 0.012130 0.984373 0.003497 0.000000 
	0.000126 0.007740 0.987142 0.004992 # 0.000126 0.007740 0.987142 0.004992 # 0.000259 0.008947 0.985323 0.005470 # 0.000000 0.006229 0.974222 0.019548 # 0.000000 0.006229 0.974222 0.019548 # 0.000000 0.006229 0.974222 0.019548 
	0.000000 0.001349 0.004598 0.994053 # 0.000000 0.001349 0.004598 0.994053 # 0.000000 0.000000 0.006456 0.993544 # 0.000000 0.000000 0.076845 0.923155 # 0.000000 0.000000 0.076844 0.923156 # 0.000000 0.000000 0.076845 0.923155 
	%%%%%%%%%%%%%%%%%%%%%%%%%%%%%%%%%%%%%%%%%%%%%%%%%%%%%%%%%%%%%%%%%%%%%%%%%%%%%%%%%%%%%%%%%%%%%%%%%%%%%%%%%%%%%%%%%%%%%%%%%%%%%%%%%%%%%%%%%%%%%%%%%%%%%%%%%%%%%%%%%%%%%%%%%%%%%%%%%%%%%%%%%%%%%%%%%%%%%%%%%%%%%%%%%%%%%%%%%%%%%%%%%
3	0.993699 0.005286 0.000649 0.000366 # 0.993664 0.005179 0.001157 0.000000 # 0.993494 0.006506 0.000000 0.000000 # 0.989283 0.009966 0.000751 0.000000 # 0.989283 0.009966 0.000751 0.000000 # 0.989225 0.010775 0.000000 0.000000 
	0.007593 0.975150 0.017257 0.000000 # 0.007522 0.975453 0.016889 0.000136 # 0.007769 0.973039 0.018866 0.000326 # 0.012851 0.974998 0.012151 0.000000 # 0.012851 0.974998 0.012151 0.000000 # 0.012983 0.973653 0.013364 0.000000 
	0.000003 0.025998 0.959316 0.014683 # 0.001114 0.025204 0.958373 0.015308 # 0.000803 0.028362 0.955708 0.015127 # 0.000411 0.018041 0.957214 0.024333 # 0.000411 0.018041 0.957214 0.024334 # 0.000204 0.018779 0.956872 0.024144 
	0.000839 0.001288 0.011673 0.986200 # 0.000000 0.001628 0.012690 0.985682 # 0.000000 0.000000 0.015016 0.984984 # 0.000000 0.000000 0.046183 0.953817 # 0.000000 0.000000 0.046183 0.953817 # 0.000000 0.000000 0.045932 0.954068 
	%%%%%%%%%%%%%%%%%%%%%%%%%%%%%%%%%%%%%%%%%%%%%%%%%%%%%%%%%%%%%%%%%%%%%%%%%%%%%%%%%%%%%%%%%%%%%%%%%%%%%%%%%%%%%%%%%%%%%%%%%%%%%%%%%%%%%%%%%%%%%%%%%%%%%%%%%%%%%%%%%%%%%%%%%%%%%%%%%%%%%%%%%%%%%%%%%%%%%%%%%%%%%%%%%%%%%%%%%%%%%%%%%
4	0.997999 0.001406 0.000596 0.000000 # 0.997999 0.001406 0.000596 0.000000 # 0.997972 0.002028 0.000000 0.000000 # 0.994840 0.005160 0.000000 0.000000 # 0.994840 0.005160 0.000000 0.000000 # 0.994840 0.005160 0.000000 0.000000 
	0.000931 0.993213 0.005856 0.000000 # 0.000931 0.993213 0.005856 0.000000 # 0.000939 0.993091 0.005970 0.000000 # 0.002036 0.993518 0.004445 0.000000 # 0.002036 0.993518 0.004445 0.000000 # 0.002036 0.993518 0.004445 0.000000 
	0.000000 0.008393 0.988560 0.003046 # 0.000000 0.008393 0.988560 0.003046 # 0.000000 0.008233 0.988698 0.003070 # 0.000000 0.004979 0.967285 0.027736 # 0.000000 0.004979 0.967285 0.027736 # 0.000000 0.004979 0.967285 0.027736 
	0.000000 0.000000 0.002283 0.997717 # 0.000000 0.000000 0.002283 0.997717 # 0.000000 0.000000 0.002281 0.997719 # 0.000000 0.000000 0.093249 0.906751 # 0.000000 0.000000 0.093249 0.906751 # 0.000000 0.000000 0.093249 0.906751 
	%%%%%%%%%%%%%%%%%%%%%%%%%%%%%%%%%%%%%%%%%%%%%%%%%%%%%%%%%%%%%%%%%%%%%%%%%%%%%%%%%%%%%%%%%%%%%%%%%%%%%%%%%%%%%%%%%%%%%%%%%%%%%%%%%%%%%%%%%%%%%%%%%%%%%%%%%%%%%%%%%%%%%%%%%%%%%%%%%%%%%%%%%%%%%%%%%%%%%%%%%%%%%%%%%%%%%%%%%%%%%%%%%
5	0.985814 0.011143 0.000460 0.002582 # 0.986315 0.012132 0.001553 0.000000 # 0.985989 0.014011 0.000000 0.000000 # 0.979504 0.019032 0.000001 0.001462 # 0.980563 0.018361 0.001076 0.000000 # 0.980239 0.019761 0.000000 0.000000 
	0.024629 0.949383 0.025988 0.000000 # 0.025537 0.945272 0.023413 0.005777 # 0.024382 0.941662 0.028433 0.005524 # 0.033739 0.938752 0.027509 0.000000 # 0.031675 0.939973 0.027078 0.001274 # 0.032594 0.936713 0.028935 0.001758 
	0.002508 0.014474 0.969050 0.013967 # 0.001443 0.015974 0.968606 0.013977 # 0.002343 0.020057 0.963398 0.014202 # 0.000951 0.016808 0.958272 0.023969 # 0.000814 0.017785 0.956897 0.024505 # 0.000482 0.018626 0.956979 0.023914 
	0.001744 0.001473 0.011636 0.985146 # 0.000000 0.003701 0.011267 0.985033 # 0.000000 0.000000 0.015953 0.984047 # 0.000789 0.000000 0.032638 0.966572 # 0.000000 0.000082 0.033501 0.966416 # 0.000000 0.000000 0.033293 0.966707 
	%%%%%%%%%%%%%%%%%%%%%%%%%%%%%%%%%%%%%%%%%%%%%%%%%%%%%%%%%%%%%%%%%%%%%%%%%%%%%%%%%%%%%%%%%%%%%%%%%%%%%%%%%%%%%%%%%%%%%%%%%%%%%%%%%%%%%%%%%%%%%%%%%%%%%%%%%%%%%%%%%%%%%%%%%%%%%%%%%%%%%%%%%%%%%%%%%%%%%%%%%%%%%%%%%%%%%%%%%%%%%%%%%
6	0.988854 0.009481 0.000836 0.000829 # 0.989091 0.009342 0.001567 0.000000 # 0.989178 0.010822 0.000000 0.000000 # 0.973760 0.025883 0.000357 0.000000 # 0.973760 0.025883 0.000357 0.000000 # 0.973724 0.026276 0.000000 0.000000 
	0.007578 0.973684 0.018738 0.000000 # 0.007366 0.973631 0.019004 0.000000 # 0.007150 0.972399 0.020448 0.000002 # 0.012927 0.971603 0.015470 0.000000 # 0.012927 0.971603 0.015470 0.000000 # 0.012925 0.971363 0.015711 0.000000 
	0.000000 0.011064 0.983127 0.005809 # 0.000000 0.011190 0.982608 0.006202 # 0.000000 0.011932 0.981350 0.006718 # 0.000000 0.009794 0.974358 0.015848 # 0.000000 0.009794 0.974358 0.015848 # 0.000000 0.009842 0.974326 0.015832 
	0.000000 0.000793 0.007130 0.992078 # 0.000000 0.000706 0.007358 0.991936 # 0.000000 0.000000 0.008604 0.991396 # 0.000000 0.000000 0.073705 0.926295 # 0.000000 0.000000 0.073705 0.926295 # 0.000000 0.000000 0.073670 0.926330 
	%%%%%%%%%%%%%%%%%%%%%%%%%%%%%%%%%%%%%%%%%%%%%%%%%%%%%%%%%%%%%%%%%%%%%%%%%%%%%%%%%%%%%%%%%%%%%%%%%%%%%%%%%%%%%%%%%%%%%%%%%%%%%%%%%%%%%%%%%%%%%%%%%%%%%%%%%%%%%%%%%%%%%%%%%%%%%%%%%%%%%%%%%%%%%%%%%%%%%%%%%%%%%%%%%%%%%%%%%%%%%%%%%
7	0.968653 0.031347 0.000000 0.000000 # 0.968648 0.031352 0.000000 0.000000 # 0.968648 0.031352 0.000000 0.000000 # 0.949802 0.050198 0.000000 0.000000 # 0.949721 0.050279 0.000000 0.000000 # 0.949721 0.050279 0.000000 0.000000 
	0.019903 0.947939 0.032158 0.000000 # 0.019922 0.948024 0.031714 0.000340 # 0.019922 0.948024 0.031714 0.000340 # 0.021790 0.961174 0.017036 0.000000 # 0.021878 0.961057 0.017064 0.000000 # 0.021878 0.961057 0.017064 0.000000 
	0.000000 0.016518 0.978722 0.004760 # 0.000000 0.016448 0.978987 0.004565 # 0.000000 0.016448 0.978987 0.004565 # 0.000000 0.011818 0.965631 0.022552 # 0.000000 0.011886 0.965738 0.022376 # 0.000000 0.011886 0.965738 0.022376 
	0.000000 0.000000 0.004434 0.995566 # 0.000000 0.000000 0.004407 0.995593 # 0.000000 0.000000 0.004407 0.995593 # 0.000092 0.000000 0.043674 0.956234 # 0.000000 0.000000 0.043589 0.956411 # 0.000000 0.000000 0.043589 0.956411 
	%%%%%%%%%%%%%%%%%%%%%%%%%%%%%%%%%%%%%%%%%%%%%%%%%%%%%%%%%%%%%%%%%%%%%%%%%%%%%%%%%%%%%%%%%%%%%%%%%%%%%%%%%%%%%%%%%%%%%%%%%%%%%%%%%%%%%%%%%%%%%%%%%%%%%%%%%%%%%%%%%%%%%%%%%%%%%%%%%%%%%%%%%%%%%%%%%%%%%%%%%%%%%%%%%%%%%%%%%%%%%%%%%
8	0.986604 0.013396 0.000000 0.000000 # 0.986363 0.013637 0.000000 0.000000 # 0.986474 0.013526 0.000000 0.000000 # 0.966025 0.033975 0.000000 0.000000 # 0.965607 0.034393 0.000000 0.000000 # 0.965607 0.034393 0.000000 0.000000 
	0.009233 0.981332 0.008644 0.000791 # 0.009785 0.980778 0.008638 0.000799 # 0.009067 0.981430 0.008660 0.000843 # 0.016354 0.975086 0.008560 0.000000 # 0.016747 0.974626 0.008627 0.000000 # 0.016747 0.974626 0.008627 0.000000 
	0.000000 0.007959 0.988513 0.003529 # 0.000000 0.007836 0.988698 0.003466 # 0.000808 0.008292 0.986702 0.004198 # 0.000000 0.006997 0.968978 0.024025 # 0.000124 0.007184 0.968430 0.024261 # 0.000124 0.007184 0.968430 0.024261 
	0.000164 0.000375 0.001228 0.998233 # 0.000000 0.000602 0.001139 0.998258 # 0.000000 0.000000 0.002054 0.997946 # 0.000184 0.000000 0.017514 0.982301 # 0.000000 0.000000 0.017855 0.982145 # 0.000000 0.000000 0.017855 0.982145 
	%%%%%%%%%%%%%%%%%%%%%%%%%%%%%%%%%%%%%%%%%%%%%%%%%%%%%%%%%%%%%%%%%%%%%%%%%%%%%%%%%%%%%%%%%%%%%%%%%%%%%%%%%%%%%%%%%%%%%%%%%%%%%%%%%%%%%%%%%%%%%%%%%%%%%%%%%%%%%%%%%%%%%%%%%%%%%%%%%%%%%%%%%%%%%%%%%%%%%%%%%%%%%%%%%%%%%%%%%%%%%%%%%
9	0.987950 0.012050 0.000000 0.000000 # 0.987950 0.012050 0.000000 0.000000 # 0.987943 0.012057 0.000000 0.000000 # 0.973444 0.026556 0.000000 0.000000 # 0.973444 0.026556 0.000000 0.000000 # 0.973444 0.026556 0.000000 0.000000 
	0.020526 0.952590 0.023914 0.002970 # 0.020526 0.952590 0.023914 0.002970 # 0.020565 0.952197 0.024648 0.002590 # 0.036048 0.940513 0.023439 0.000000 # 0.036048 0.940513 0.023438 0.000001 # 0.036048 0.940513 0.023439 0.000000 
	0.000000 0.009787 0.978082 0.012131 # 0.000000 0.009787 0.978082 0.012131 # 0.000000 0.010837 0.976493 0.012669 # 0.000000 0.009273 0.972700 0.018028 # 0.000000 0.009273 0.972699 0.018028 # 0.000000 0.009273 0.972699 0.018028 
	0.000000 0.000697 0.007445 0.991857 # 0.000000 0.000697 0.007445 0.991857 # 0.000000 0.000000 0.008581 0.991419 # 0.000000 0.000000 0.014422 0.985578 # 0.000000 0.000000 0.014422 0.985578 # 0.000000 0.000000 0.014422 0.985578 
	%%%%%%%%%%%%%%%%%%%%%%%%%%%%%%%%%%%%%%%%%%%%%%%%%%%%%%%%%%%%%%%%%%%%%%%%%%%%%%%%%%%%%%%%%%%%%%%%%%%%%%%%%%%%%%%%%%%%%%%%%%%%%%%%%%%%%%%%%%%%%%%%%%%%%%%%%%%%%%%%%%%%%%%%%%%%%%%%%%%%%%%%%%%%%%%%%%%%%%%%%%%%%%%%%%%%%%%%%%%%%%%%%
10	0.980040 0.019960 0.000000 0.000000 # 0.979815 0.020185 0.000000 0.000000 # 0.979815 0.020185 0.000000 0.000000 # 0.966883 0.033117 0.000000 0.000000 # 0.966393 0.033607 0.000000 0.000000 # 0.966393 0.033607 0.000000 0.000000 
	0.009361 0.979632 0.011007 0.000000 # 0.009597 0.979440 0.010963 0.000000 # 0.009597 0.979440 0.010963 0.000000 # 0.011895 0.980390 0.007715 0.000000 # 0.012180 0.980067 0.007753 0.000000 # 0.012180 0.980067 0.007753 0.000000 
	0.000000 0.008546 0.981238 0.010216 # 0.000171 0.008715 0.981153 0.009962 # 0.000171 0.008715 0.981153 0.009962 # 0.000000 0.004925 0.981967 0.013108 # 0.000119 0.004997 0.982130 0.012754 # 0.000119 0.004997 0.982130 0.012754 
	0.000159 0.000000 0.004893 0.994948 # 0.000000 0.000000 0.005002 0.994998 # 0.000000 0.000000 0.005002 0.994998 # 0.000223 0.000000 0.015750 0.984028 # 0.000000 0.000000 0.015748 0.984252 # 0.000000 0.000000 0.015748 0.984252 
	%%%%%%%%%%%%%%%%%%%%%%%%%%%%%%%%%%%%%%%%%%%%%%%%%%%%%%%%%%%%%%%%%%%%%%%%%%%%%%%%%%%%%%%%%%%%%%%%%%%%%%%%%%%%%%%%%%%%%%%%%%%%%%%%%%%%%%%%%%%%%%%%%%%%%%%%%%%%%%%%%%%%%%%%%%%%%%%%%%%%%%%%%%%%%%%%%%%%%%%%%%%%%%%%%%%%%%%%%%%%%%%%%
11	0.983183 0.016817 0.000000 0.000000 # 0.983183 0.016817 0.000000 0.000000 # 0.983728 0.016272 0.000000 0.000000 # 0.978772 0.021228 0.000000 0.000000 # 0.978772 0.021228 0.000000 0.000000 # 0.978772 0.021228 0.000000 0.000000 
	0.011386 0.959825 0.028789 0.000000 # 0.011386 0.959825 0.028789 0.000000 # 0.008868 0.963058 0.028074 0.000000 # 0.012616 0.962855 0.024528 0.000000 # 0.012616 0.962855 0.024528 0.000000 # 0.012616 0.962855 0.024528 0.000000 
	0.000000 0.020296 0.970255 0.009449 # 0.000000 0.020296 0.970255 0.009449 # 0.001642 0.017698 0.971219 0.009441 # 0.000000 0.015986 0.969384 0.014630 # 0.000000 0.015986 0.969384 0.014630 # 0.000000 0.015986 0.969384 0.014630 
	0.000000 0.000000 0.005172 0.994828 # 0.000000 0.000000 0.005172 0.994828 # 0.000000 0.000000 0.005179 0.994821 # 0.000000 0.000000 0.011572 0.988428 # 0.000000 0.000000 0.011572 0.988428 # 0.000000 0.000000 0.011572 0.988428 
	%%%%%%%%%%%%%%%%%%%%%%%%%%%%%%%%%%%%%%%%%%%%%%%%%%%%%%%%%%%%%%%%%%%%%%%%%%%%%%%%%%%%%%%%%%%%%%%%%%%%%%%%%%%%%%%%%%%%%%%%%%%%%%%%%%%%%%%%%%%%%%%%%%%%%%%%%%%%%%%%%%%%%%%%%%%%%%%%%%%%%%%%%%%%%%%%%%%%%%%%%%%%%%%%%%%%%%%%%%%%%%%%%
12	0.986898 0.012572 0.000000 0.000530 # 0.986896 0.012567 0.000537 0.000000 # 0.986728 0.013272 0.000000 0.000000 # 0.936349 0.062103 0.000000 0.001548 # 0.935706 0.062076 0.002218 0.000000 # 0.934619 0.065381 0.000000 0.000000 
	0.007959 0.979122 0.012315 0.000604 # 0.007966 0.979055 0.012583 0.000396 # 0.008096 0.978353 0.013444 0.000107 # 0.026279 0.962904 0.010817 0.000000 # 0.026763 0.962672 0.010565 0.000000 # 0.027355 0.961030 0.011611 0.000004 
	0.000000 0.010681 0.563790 0.425529 # 0.000000 0.012626 0.556373 0.431001 # 0.000000 0.016492 0.597659 0.385849 # 0.000000 0.004550 0.983471 0.011979 # 0.000000 0.004562 0.982864 0.012574 # 0.000000 0.004614 0.982922 0.012464 
	0.000000 0.000170 0.176835 0.822995 # 0.000000 0.000106 0.145597 0.854298 # 0.000000 0.000000 0.096958 0.903042 # 0.000000 0.000000 0.008361 0.991639 # 0.000000 0.000000 0.008545 0.991455 # 0.000000 0.000000 0.008504 0.991496 
	%%%%%%%%%%%%%%%%%%%%%%%%%%%%%%%%%%%%%%%%%%%%%%%%%%%%%%%%%%%%%%%%%%%%%%%%%%%%%%%%%%%%%%%%%%%%%%%%%%%%%%%%%%%%%%%%%%%%%%%%%%%%%%%%%%%%%%%%%%%%%%%%%%%%%%%%%%%%%%%%%%%%%%%%%%%%%%%%%%%%%%%%%%%%%%%%%%%%%%%%%%%%%%%%%%%%%%%%%%%%%%%%%
13	0.953774 0.040055 0.001314 0.004857 # 0.953780 0.039999 0.006220 0.000000 # 0.952145 0.047855 0.000000 0.000000 # 0.942532 0.050730 0.000000 0.006738 # 0.942495 0.050806 0.006700 0.000000 # 0.940781 0.059219 0.000000 0.000000 
	0.043320 0.916013 0.031897 0.008770 # 0.043302 0.915980 0.032617 0.008100 # 0.044060 0.908319 0.035418 0.012204 # 0.054379 0.906873 0.038655 0.000093 # 0.054416 0.906653 0.038812 0.000119 # 0.055047 0.898755 0.022754 0.023444 
	0.000987 0.004140 0.550473 0.444401 # 0.001175 0.004865 0.529543 0.464417 # 0.001488 0.008084 0.497853 0.492575 # 0.000848 0.004819 0.407234 0.587100 # 0.000935 0.005353 0.346148 0.647564 # 0.001108 0.007296 0.205563 0.786033 
	0.000013 0.000408 0.198552 0.801027 # 0.000000 0.000350 0.170196 0.829454 # 0.000000 0.000000 0.127563 0.872437 # 0.000000 0.000007 0.274177 0.725815 # 0.000000 0.000010 0.260991 0.738998 # 0.000000 0.000000 0.230032 0.769968 
	%%%%%%%%%%%%%%%%%%%%%%%%%%%%%%%%%%%%%%%%%%%%%%%%%%%%%%%%%%%%%%%%%%%%%%%%%%%%%%%%%%%%%%%%%%%%%%%%%%%%%%%%%%%%%%%%%%%%%%%%%%%%%%%%%%%%%%%%%%%%%%%%%%%%%%%%%%%%%%%%%%%%%%%%%%%%%%%%%%%%%%%%%%%%%%%%%%%%%%%%%%%%%%%%%%%%%%%%%%%%%%%%%
14	0.947108 0.035043 0.012111 0.005738 # 0.947108 0.035037 0.017854 0.000000 # 0.945044 0.054956 0.000000 0.000000 # 0.820210 0.178628 0.000620 0.000542 # 0.820195 0.178662 0.001143 0.000000 # 0.819757 0.180243 0.000000 0.000000 
	0.012550 0.985315 0.001107 0.001028 # 0.012550 0.985315 0.001067 0.001068 # 0.010908 0.983701 0.002667 0.002723 # 0.080110 0.860711 0.034629 0.024551 # 0.080133 0.860644 0.034988 0.024235 # 0.080574 0.859213 0.045173 0.015041 
	0.000000 0.000653 0.545651 0.453696 # 0.000000 0.000727 0.520916 0.478357 # 0.000000 0.002047 0.475427 0.522525 # 0.000000 0.002264 0.486210 0.511526 # 0.000000 0.002670 0.462064 0.535266 # 0.000000 0.006099 0.424060 0.569841 
	0.000000 0.000266 0.199173 0.800561 # 0.000000 0.000261 0.171750 0.827988 # 0.000000 0.000000 0.130850 0.869150 # 0.000000 0.000509 0.163119 0.836372 # 0.000000 0.000481 0.139558 0.859961 # 0.000000 0.000000 0.104208 0.895792 
	%%%%%%%%%%%%%%%%%%%%%%%%%%%%%%%%%%%%%%%%%%%%%%%%%%%%%%%%%%%%%%%%%%%%%%%%%%%%%%%%%%%%%%%%%%%%%%%%%%%%%%%%%%%%%%%%%%%%%%%%%%%%%%%%%%%%%%%%%%%%%%%%%%%%%%%%%%%%%%%%%%%%%%%%%%%%%%%%%%%%%%%%%%%%%%%%%%%%%%%%%%%%%%%%%%%%%%%%%%%%%%%%%
15	0.977767 0.017013 0.002873 0.002347 # 0.977766 0.017015 0.005219 0.000000 # 0.977209 0.022791 0.000000 0.000000 # 0.505631 0.476765 0.000000 0.017604 # 0.505431 0.480847 0.013722 0.000000 # 0.502365 0.497635 0.000000 0.000000 
	0.002561 0.994980 0.001569 0.000891 # 0.002561 0.994984 0.001539 0.000916 # 0.002530 0.994125 0.001545 0.001799 # 0.037979 0.951250 0.008253 0.002518 # 0.037918 0.950965 0.008590 0.002527 # 0.038215 0.949488 0.009589 0.002708 
	0.000263 0.001055 0.550150 0.448533 # 0.000345 0.001204 0.530769 0.467682 # 0.000381 0.002931 0.486358 0.510329 # 0.000000 0.002777 0.497578 0.499645 # 0.000000 0.003222 0.477164 0.519613 # 0.000000 0.004309 0.441494 0.554197 
	0.000015 0.000255 0.189445 0.810285 # 0.000000 0.000244 0.162100 0.837656 # 0.000000 0.000000 0.128671 0.871329 # 0.000000 0.000014 0.169472 0.830515 # 0.000000 0.000008 0.147810 0.852182 # 0.000000 0.000000 0.114732 0.885268 
	%%%%%%%%%%%%%%%%%%%%%%%%%%%%%%%%%%%%%%%%%%%%%%%%%%%%%%%%%%%%%%%%%%%%%%%%%%%%%%%%%%%%%%%%%%%%%%%%%%%%%%%%%%%%%%%%%%%%%%%%%%%%%%%%%%%%%%%%%%%%%%%%%%%%%%%%%%%%%%%%%%%%%%%%%%%%%%%%%%%%%%%%%%%%%%%%%%%%%%%%%%%%%%%%%%%%%%%%%%%%%%%%%
